0.3658008361143267,0.8296264841467793,0.7045743219511023,0.0683919657248383,116.45662662637498,219.92217367536125,Calanus glacialis,0.007
0.42947014208760775,0.932818547747734,0.5448479231388228,0.14607469637749843,157.03561128965418,205.5544970414346,Calanus glacialis,0.007
0.48751027451134726,0.36097672114006385,0.5788039252430845,0.05902846887682723,123.28373579048667,225.56476273400125,Calanus glacialis,0.007
0.4712268303918716,0.5859089294318824,0.957601538504519,0.19098884060940519,165.8456678616313,267.5317256282698,Calanus glacialis,0.007
0.3606821327021005,1.0758336876509715,0.5109091248360355,0.17109123357863187,106.37593401683395,351.55609947552557,Calanus glacialis,0.007
0.45202270728953486,0.5403688694735453,0.9349363806465747,0.05627898772130409,137.22977025157687,261.69861124570014,Calanus glacialis,0.007
0.447412484454313,1.1128096318959224,0.7180750361334959,0.1394049681679742,138.79544026634173,351.84749141591703,Calanus glacialis,0.007
0.3302391884918766,0.6377987554585762,0.503659969709057,0.20181270877018948,171.813885544084,310.3892122960213,Calanus glacialis,0.007
0.34672725920475855,0.5753577468407476,0.7293353615929006,0.07397377387320103,96.56219523638201,210.7170419016836,Calanus glacialis,0.007
0.3818809171687058,0.5186073058325634,0.895368982823677,0.12700527418621038,137.45409241676018,284.2794530292147,Calanus glacialis,0.007
0.32077735457937895,1.1886472237625505,0.9391916435235557,0.23480696573242482,118.58421549952166,237.45998128217704,Calanus glacialis,0.007
0.449625599134515,0.45713244787222995,0.6682101582307715,0.19797327915700236,159.1293628420664,252.630406000623,Calanus glacialis,0.007
0.3592903455808189,0.7581011339467918,0.841596568187952,0.18155282592148403,196.10504933186206,321.06155954266035,Calanus glacialis,0.007
0.4099097305613264,0.7095392857700259,0.6015900173748593,0.16771297968237664,132.434594273089,212.4081122349434,Calanus glacialis,0.007
0.31121508970380285,0.6155520081159946,0.9511432140275173,0.05436680901970687,93.62135911338873,221.55487127797193,Calanus glacialis,0.007
0.48190810205451745,1.030813487806419,0.8604205340305751,0.07724659625365513,172.62231723053677,360.0170537492211,Calanus glacialis,0.007
0.36363444440040243,1.216715731955928,0.9184908085700987,0.20793975765341527,177.966232789181,223.87915462651722,Calanus glacialis,0.007
0.47593982879562924,0.9642899402737501,0.8366002480051531,0.18790012393410166,153.3986030159544,280.9908233172397,Calanus glacialis,0.007
0.3364575963309832,0.5917436642900499,0.949248236953387,0.10877347069260107,161.87488389427833,353.47399869835203,Calanus glacialis,0.007
0.47953797483036104,0.5676161961532872,0.7234850787049764,0.08112255439513899,104.04839738135453,315.0914179735722,Calanus glacialis,0.007
0.4564471916770389,0.7196665481904367,0.7335098343862885,0.18350908574816938,143.70486061672563,362.27035101748436,Calanus glacialis,0.007
0.41434640373982,1.0646866064199412,0.9022727053238389,0.1124837045818009,175.84747590314564,271.8052439264002,Calanus glacialis,0.007
0.46455476236596227,0.6400919705161663,0.5990183603844956,0.2284946962034864,133.61001952549788,349.09096848475417,Calanus glacialis,0.007
0.4679487896153323,0.508960912999235,0.772771770262557,0.08632244257450801,192.45000862314544,244.85775554215977,Calanus glacialis,0.007
0.433716825503686,0.9064328821844234,0.5541436875457596,0.22493738631958998,120.0528580714689,355.67462152058846,Calanus glacialis,0.007
0.4922941469618581,0.47508570691164703,0.9881670042715835,0.07545801433608199,155.93425326556746,302.3383986939641,Calanus glacialis,0.007
0.3560815502831095,0.9480348093038484,0.635451448850272,0.21125511616016818,183.5497405371168,347.06311303499996,Calanus glacialis,0.007
0.4239223811276478,0.7859083326056902,0.6705073577143301,0.16917155116254692,188.39559854884112,279.79431455832855,Calanus glacialis,0.007
0.3982541210253038,0.6863113862599726,0.9824605814653977,0.24834463974240328,167.0633146360183,248.07690955784088,Calanus glacialis,0.007
0.4040507014868309,0.8325024289816461,0.5914487572645688,0.06532504456870797,166.63977030168473,344.00112166868564,Calanus glacialis,0.007
0.44288306100274677,0.7709398193984087,0.7108474637334304,0.2388749498440475,119.00456144599119,290.8172025238263,Calanus glacialis,0.007
0.31709342055868656,0.8132295647294125,0.7677461333235307,0.24251648877659793,181.64048037791497,229.29665937859602,Calanus glacialis,0.007
0.41814113749480086,1.1541824303629062,0.7488499677654931,0.20223763583253618,134.01700227818176,204.1658481121932,Calanus glacialis,0.007
0.413710921168022,0.44325183322026745,0.5553727532183989,0.13370601891093473,196.78344966091953,278.4453636472675,Calanus glacialis,0.007
0.3068638900372842,0.8743385164923798,0.9983377886926051,0.21707219273268824,107.63457210425541,360.26265154115254,Calanus glacialis,0.007
0.3783904859755961,0.8964241927820631,0.8022912644524576,0.08837314011777207,115.84697335648163,200.25739095855474,Calanus glacialis,0.007
0.33926680751302085,0.4642754101835855,0.7378914007049808,0.2472817494896064,113.55915210346366,331.21311144288075,Calanus glacialis,0.007
0.3240110442342472,1.206061746344509,0.5362938999080001,0.1440718845475935,173.72927887145482,330.1703861376018,Calanus glacialis,0.007
0.3871401223401787,0.8862585991571423,0.7869925236719868,0.1995067563705179,175.01428329491006,268.28541125219317,Calanus glacialis,0.007
0.47275292673375613,0.9268300677341637,0.890060772373449,0.10567060499117849,99.8334488357206,328.48318856151263,Calanus glacialis,0.007
0.4319810102840014,1.0555840424973582,0.6198122364747105,0.17213872260175034,122.9304029876104,318.4064925423338,Calanus glacialis,0.007
0.4887011751176132,1.0078961814279455,0.7925156812929004,0.09302149460515513,131.77031161022768,214.67646512820562,Calanus glacialis,0.007
0.40631287408534217,1.178421189231357,0.6546234680913928,0.17739347433072833,195.44860007962143,298.2995323934952,Calanus glacialis,0.007
0.333045465658764,0.8575784611046438,0.5635342867192381,0.23642592832301784,147.6498482388557,322.2377761825528,Calanus glacialis,0.007
0.3777840931103542,0.3186617614577493,0.7823708691454366,0.11469841914922534,146.58286856277618,338.29276178251644,Calanus glacialis,0.007
0.31919579995762215,1.2947396164026288,0.8802815163784092,0.1484316420549937,102.94946924622633,335.4282621509923,Calanus glacialis,0.007
0.4350105047448957,1.018877041827583,0.7401525012496952,0.06189777107450667,159.99183713145788,270.4484491645137,Calanus glacialis,0.007
0.3726507993963185,0.5233761517140363,0.5209983689107918,0.16523170019610445,199.11151792068955,333.48691071731014,Calanus glacialis,0.007
0.3485696809887549,0.9809128667678613,0.5454424625102596,0.17835487908755948,150.55060290622393,231.0333986262813,Calanus glacialis,0.007
0.3286219646434313,0.39921874235023114,0.508005575058716,0.09650356459165074,135.42389378127655,232.23991469916083,Calanus glacialis,0.007
0.3692128581193192,0.795222432600548,0.6050347606526559,0.13798010770020852,101.30902796065612,294.1247516161239,Calanus glacialis,0.007
0.3741873495356562,1.099929647961193,0.9769827139116063,0.13511360252491672,111.88181489833897,308.7857495872459,Calanus glacialis,0.007
0.33462871196215266,0.6263310145727327,0.7750719674431488,0.08221578285398662,95.05165602574824,254.28023192892175,Calanus glacialis,0.007
0.46936946234510774,1.1994476572988242,0.7951325565527081,0.16023214528101384,141.57900587599931,206.676643180988,Calanus glacialis,0.007
0.4276289369651779,0.7231692200515627,0.6832481644952361,0.11616827992999011,90.17162050448668,235.01647788727672,Calanus glacialis,0.007
0.3857022733430337,0.4281546142845484,0.8504560305152435,0.10345643269722372,91.12264294372538,299.63706935237127,Calanus glacialis,0.007
0.47611275099330186,1.1681055333078183,0.9245546359224692,0.08449858445829775,109.1514212153392,238.44644921119766,Calanus glacialis,0.007
0.34423973073466735,0.40271349031773895,0.8214101728628566,0.06288030498747921,121.36330236412921,276.45769200880505,Calanus glacialis,0.007
0.4415831580874517,0.6674649140511802,0.678259806297513,0.05341614515559209,129.2833971434823,289.5087561326769,Calanus glacialis,0.007
0.30566488528160085,0.6736771580305942,0.631188187719962,0.12448797928675817,157.21085580151515,255.9326144110697,Calanus glacialis,0.007
0.31260922753834675,0.4311586905952513,0.8749300053191144,0.22799943534657224,169.2800393070006,326.4711969984915,Calanus glacialis,0.007
0.4001033634423372,0.9782645746610774,0.6484546886905123,0.1857910464569924,110.82266741757684,256.36533328483887,Calanus glacialis,0.007
0.48510381367754896,0.30950714306409915,0.7589759309738435,0.09900535804645773,112.25072867879614,310.5678821249425,Calanus glacialis,0.007
0.41674922522925295,0.7664996393077776,0.6616951489552435,0.18865732909073984,114.7706696839177,263.51265419480114,Calanus glacialis,0.007
0.4378107639528385,0.41802196980754036,0.6433878218092114,0.20910770856880267,125.99855124675727,295.96884180468436,Calanus glacialis,0.007
0.45155429383185486,0.49871460590187716,0.9097520574203828,0.11932700353821613,178.64274574311543,320.1560690978291,Calanus glacialis,0.007
0.3021161672243364,0.4807697990982879,0.8155908241381082,0.23134340136881176,187.8963005207813,313.1461725154034,Calanus glacialis,0.007
0.3552670594215218,1.021011226761228,0.9685203988404961,0.10097890552055513,142.2121578199457,346.11646231424436,Calanus glacialis,0.007
0.3267169314570885,0.3478517596139301,0.8654241885704259,0.21378052756778188,191.34741675129573,217.3954485372111,Calanus glacialis,0.007
0.4590554022181726,0.7309717649377077,0.5334211651325608,0.15254166450252415,104.66398782733792,233.70472785123332,Calanus glacialis,0.007
0.4612587972762705,0.747407686177542,0.8337543553389575,0.24124417340045573,179.6012224280643,246.5737180290766,Calanus glacialis,0.007
0.4030326006966024,1.1069574868898462,0.5253252579649264,0.1553919484121874,130.32337418153037,334.67321878637256,Calanus glacialis,0.007
0.3140687770422304,0.5523956189066697,0.8464660538584903,0.19540193826291824,164.1281218466076,258.1414609943697,Calanus glacialis,0.007
0.49498523618798573,0.37909320402078783,0.8771211100462348,0.14359158533887223,107.34806389795003,358.3167090290351,Calanus glacialis,0.007
0.3710974675787332,1.1218812115972376,0.9643832680132918,0.21964507448584636,140.06247663874703,284.1101559311132,Calanus glacialis,0.007
0.4962560916779155,1.1398621074447959,0.9296636424167701,0.07927511494271043,189.67994106450368,306.931277319791,Calanus glacialis,0.007
0.4910279789783196,0.8670365785938003,0.764179900602561,0.24448029123755638,127.40556774223084,287.9118909299608,Calanus glacialis,0.007
0.39475116590527987,1.2458991768685463,0.9906941358632471,0.15922344149246873,194.39457456394314,203.2503512560673,Calanus glacialis,0.007
0.4241888859215118,0.8053135463156815,0.8268600904289639,0.2147067044560521,186.15630145257143,305.39782882231964,Calanus glacialis,0.007
0.41071194535730254,1.1416261693934489,0.5801270956337204,0.1746379512605875,145.79870046709493,275.0775018862339,Calanus glacialis,0.007
0.39359659035793354,1.0896322253944062,0.6230478216698995,0.22230083378220705,183.4447799046211,300.680066012325,Calanus glacialis,0.007
0.3518165317719333,1.2815190269351229,0.5736480308916904,0.162195668321302,149.0262171143895,241.64939119799396,Calanus glacialis,0.007
0.44523643612663255,1.269265876251615,0.8103559432423011,0.15742919184540016,168.25729085025813,363.4174332168397,Calanus glacialis,0.007
0.35334427109481176,0.9541261767691143,0.6147145485195626,0.12044853861892113,154.52456299478084,273.08442654303644,Calanus glacialis,0.007
0.3897547461438559,0.3517052412368729,0.6863260118384087,0.09022010384905536,162.71343625571953,215.38679504575938,Calanus glacialis,0.007
0.45549208975853084,1.225609379715354,0.7527031756080506,0.14182648110511295,152.14077746262853,316.4067226558342,Calanus glacialis,0.007
0.39657308250425655,0.656918951976927,0.65764825289178,0.05119731696839407,161.22567622680492,286.0859356281169,Calanus glacialis,0.007
0.3677741728485302,0.6972245211526151,0.569315517129378,0.09464640586404152,98.04288218369835,218.4778808745314,Calanus glacialis,0.007
0.391618722310957,0.6011347352124059,0.6939740565177083,0.07071350665338719,96.73424205832926,264.64223262102166,Calanus glacialis,0.007
0.3222818484499495,0.32212339110678273,0.8567545750627603,0.2217321277790008,144.58517952340088,209.58385562439216,Calanus glacialis,0.007
0.499793576819812,0.38184854455525524,0.6964038618122043,0.1307403174005109,198.00006809283906,250.5889736759564,Calanus glacialis,0.007
0.3007490802376947,0.8473789691669578,0.5895378323696304,0.12804863193286292,190.67217985122318,293.1812284217879,Calanus glacialis,0.007
0.43926367442433956,0.5397178208272095,0.9719612202254987,0.20474974115904743,149.86156006867057,243.9433046204794,Calanus glacialis,0.007
0.3416148803103281,1.273287516102875,0.7098180998854462,0.10603317565785572,185.25354378688735,339.7974371888408,Calanus glacialis,0.007
0.34363602953184497,1.2578365301274115,0.9440645050456504,0.15127485980299643,126.47779158550408,340.2935055079205,Calanus glacialis,0.007
0.42077633985241303,0.9190535064195606,0.518059264473612,0.06755026564672223,180.84202172303597,342.5284699134412,Calanus glacialis,0.007
0.3828563682966346,1.0494724857738387,0.8059789556739465,0.11175467870676196,170.7116978753317,324.5628314220799,Calanus glacialis,0.007
0.48222711518439926,1.2362030955135348,0.6257244743604561,0.23354463678347132,99.94975001780159,240.05976666599042,Calanus glacialis,0.007
0.46209089276068294,0.3329122914019804,0.8898108627423726,0.19223413403285522,124.20241304458648,260.3377091955035,Calanus glacialis,0.007
0.3089121399684341,0.9944844552197833,0.9123184920247,0.12369844682098835,92.53466646725549,227.45007717858525,Calanus glacialis,0.007
0.3658008361143267,0.8296264841467793,0.7045743219511023,0.0683919657248383,116.45662662637498,219.92217367536125,Calanus hyperboreus,0.006
0.42947014208760775,0.932818547747734,0.5448479231388228,0.14607469637749843,157.03561128965418,205.5544970414346,Calanus hyperboreus,0.006
0.48751027451134726,0.36097672114006385,0.5788039252430845,0.05902846887682723,123.28373579048667,225.56476273400125,Calanus hyperboreus,0.006
0.4712268303918716,0.5859089294318824,0.957601538504519,0.19098884060940519,165.8456678616313,267.5317256282698,Calanus hyperboreus,0.006
0.3606821327021005,1.0758336876509715,0.5109091248360355,0.17109123357863187,106.37593401683395,351.55609947552557,Calanus hyperboreus,0.006
0.45202270728953486,0.5403688694735453,0.9349363806465747,0.05627898772130409,137.22977025157687,261.69861124570014,Calanus hyperboreus,0.006
0.447412484454313,1.1128096318959224,0.7180750361334959,0.1394049681679742,138.79544026634173,351.84749141591703,Calanus hyperboreus,0.006
0.3302391884918766,0.6377987554585762,0.503659969709057,0.20181270877018948,171.813885544084,310.3892122960213,Calanus hyperboreus,0.006
0.34672725920475855,0.5753577468407476,0.7293353615929006,0.07397377387320103,96.56219523638201,210.7170419016836,Calanus hyperboreus,0.006
0.3818809171687058,0.5186073058325634,0.895368982823677,0.12700527418621038,137.45409241676018,284.2794530292147,Calanus hyperboreus,0.006
0.32077735457937895,1.1886472237625505,0.9391916435235557,0.23480696573242482,118.58421549952166,237.45998128217704,Calanus hyperboreus,0.006
0.449625599134515,0.45713244787222995,0.6682101582307715,0.19797327915700236,159.1293628420664,252.630406000623,Calanus hyperboreus,0.006
0.3592903455808189,0.7581011339467918,0.841596568187952,0.18155282592148403,196.10504933186206,321.06155954266035,Calanus hyperboreus,0.006
0.4099097305613264,0.7095392857700259,0.6015900173748593,0.16771297968237664,132.434594273089,212.4081122349434,Calanus hyperboreus,0.006
0.31121508970380285,0.6155520081159946,0.9511432140275173,0.05436680901970687,93.62135911338873,221.55487127797193,Calanus hyperboreus,0.006
0.48190810205451745,1.030813487806419,0.8604205340305751,0.07724659625365513,172.62231723053677,360.0170537492211,Calanus hyperboreus,0.006
0.36363444440040243,1.216715731955928,0.9184908085700987,0.20793975765341527,177.966232789181,223.87915462651722,Calanus hyperboreus,0.006
0.47593982879562924,0.9642899402737501,0.8366002480051531,0.18790012393410166,153.3986030159544,280.9908233172397,Calanus hyperboreus,0.006
0.3364575963309832,0.5917436642900499,0.949248236953387,0.10877347069260107,161.87488389427833,353.47399869835203,Calanus hyperboreus,0.006
0.47953797483036104,0.5676161961532872,0.7234850787049764,0.08112255439513899,104.04839738135453,315.0914179735722,Calanus hyperboreus,0.006
0.4564471916770389,0.7196665481904367,0.7335098343862885,0.18350908574816938,143.70486061672563,362.27035101748436,Calanus hyperboreus,0.006
0.41434640373982,1.0646866064199412,0.9022727053238389,0.1124837045818009,175.84747590314564,271.8052439264002,Calanus hyperboreus,0.006
0.46455476236596227,0.6400919705161663,0.5990183603844956,0.2284946962034864,133.61001952549788,349.09096848475417,Calanus hyperboreus,0.006
0.4679487896153323,0.508960912999235,0.772771770262557,0.08632244257450801,192.45000862314544,244.85775554215977,Calanus hyperboreus,0.006
0.433716825503686,0.9064328821844234,0.5541436875457596,0.22493738631958998,120.0528580714689,355.67462152058846,Calanus hyperboreus,0.006
0.4922941469618581,0.47508570691164703,0.9881670042715835,0.07545801433608199,155.93425326556746,302.3383986939641,Calanus hyperboreus,0.006
0.3560815502831095,0.9480348093038484,0.635451448850272,0.21125511616016818,183.5497405371168,347.06311303499996,Calanus hyperboreus,0.006
0.4239223811276478,0.7859083326056902,0.6705073577143301,0.16917155116254692,188.39559854884112,279.79431455832855,Calanus hyperboreus,0.006
0.3982541210253038,0.6863113862599726,0.9824605814653977,0.24834463974240328,167.0633146360183,248.07690955784088,Calanus hyperboreus,0.006
0.4040507014868309,0.8325024289816461,0.5914487572645688,0.06532504456870797,166.63977030168473,344.00112166868564,Calanus hyperboreus,0.006
0.44288306100274677,0.7709398193984087,0.7108474637334304,0.2388749498440475,119.00456144599119,290.8172025238263,Calanus hyperboreus,0.006
0.31709342055868656,0.8132295647294125,0.7677461333235307,0.24251648877659793,181.64048037791497,229.29665937859602,Calanus hyperboreus,0.006
0.41814113749480086,1.1541824303629062,0.7488499677654931,0.20223763583253618,134.01700227818176,204.1658481121932,Calanus hyperboreus,0.006
0.413710921168022,0.44325183322026745,0.5553727532183989,0.13370601891093473,196.78344966091953,278.4453636472675,Calanus hyperboreus,0.006
0.3068638900372842,0.8743385164923798,0.9983377886926051,0.21707219273268824,107.63457210425541,360.26265154115254,Calanus hyperboreus,0.006
0.3783904859755961,0.8964241927820631,0.8022912644524576,0.08837314011777207,115.84697335648163,200.25739095855474,Calanus hyperboreus,0.006
0.33926680751302085,0.4642754101835855,0.7378914007049808,0.2472817494896064,113.55915210346366,331.21311144288075,Calanus hyperboreus,0.006
0.3240110442342472,1.206061746344509,0.5362938999080001,0.1440718845475935,173.72927887145482,330.1703861376018,Calanus hyperboreus,0.006
0.3871401223401787,0.8862585991571423,0.7869925236719868,0.1995067563705179,175.01428329491006,268.28541125219317,Calanus hyperboreus,0.006
0.47275292673375613,0.9268300677341637,0.890060772373449,0.10567060499117849,99.8334488357206,328.48318856151263,Calanus hyperboreus,0.006
0.4319810102840014,1.0555840424973582,0.6198122364747105,0.17213872260175034,122.9304029876104,318.4064925423338,Calanus hyperboreus,0.006
0.4887011751176132,1.0078961814279455,0.7925156812929004,0.09302149460515513,131.77031161022768,214.67646512820562,Calanus hyperboreus,0.006
0.40631287408534217,1.178421189231357,0.6546234680913928,0.17739347433072833,195.44860007962143,298.2995323934952,Calanus hyperboreus,0.006
0.333045465658764,0.8575784611046438,0.5635342867192381,0.23642592832301784,147.6498482388557,322.2377761825528,Calanus hyperboreus,0.006
0.3777840931103542,0.3186617614577493,0.7823708691454366,0.11469841914922534,146.58286856277618,338.29276178251644,Calanus hyperboreus,0.006
0.31919579995762215,1.2947396164026288,0.8802815163784092,0.1484316420549937,102.94946924622633,335.4282621509923,Calanus hyperboreus,0.006
0.4350105047448957,1.018877041827583,0.7401525012496952,0.06189777107450667,159.99183713145788,270.4484491645137,Calanus hyperboreus,0.006
0.3726507993963185,0.5233761517140363,0.5209983689107918,0.16523170019610445,199.11151792068955,333.48691071731014,Calanus hyperboreus,0.006
0.3485696809887549,0.9809128667678613,0.5454424625102596,0.17835487908755948,150.55060290622393,231.0333986262813,Calanus hyperboreus,0.006
0.3286219646434313,0.39921874235023114,0.508005575058716,0.09650356459165074,135.42389378127655,232.23991469916083,Calanus hyperboreus,0.006
0.3692128581193192,0.795222432600548,0.6050347606526559,0.13798010770020852,101.30902796065612,294.1247516161239,Calanus hyperboreus,0.006
0.3741873495356562,1.099929647961193,0.9769827139116063,0.13511360252491672,111.88181489833897,308.7857495872459,Calanus hyperboreus,0.006
0.33462871196215266,0.6263310145727327,0.7750719674431488,0.08221578285398662,95.05165602574824,254.28023192892175,Calanus hyperboreus,0.006
0.46936946234510774,1.1994476572988242,0.7951325565527081,0.16023214528101384,141.57900587599931,206.676643180988,Calanus hyperboreus,0.006
0.4276289369651779,0.7231692200515627,0.6832481644952361,0.11616827992999011,90.17162050448668,235.01647788727672,Calanus hyperboreus,0.006
0.3857022733430337,0.4281546142845484,0.8504560305152435,0.10345643269722372,91.12264294372538,299.63706935237127,Calanus hyperboreus,0.006
0.47611275099330186,1.1681055333078183,0.9245546359224692,0.08449858445829775,109.1514212153392,238.44644921119766,Calanus hyperboreus,0.006
0.34423973073466735,0.40271349031773895,0.8214101728628566,0.06288030498747921,121.36330236412921,276.45769200880505,Calanus hyperboreus,0.006
0.4415831580874517,0.6674649140511802,0.678259806297513,0.05341614515559209,129.2833971434823,289.5087561326769,Calanus hyperboreus,0.006
0.30566488528160085,0.6736771580305942,0.631188187719962,0.12448797928675817,157.21085580151515,255.9326144110697,Calanus hyperboreus,0.006
0.31260922753834675,0.4311586905952513,0.8749300053191144,0.22799943534657224,169.2800393070006,326.4711969984915,Calanus hyperboreus,0.006
0.4001033634423372,0.9782645746610774,0.6484546886905123,0.1857910464569924,110.82266741757684,256.36533328483887,Calanus hyperboreus,0.006
0.48510381367754896,0.30950714306409915,0.7589759309738435,0.09900535804645773,112.25072867879614,310.5678821249425,Calanus hyperboreus,0.006
0.41674922522925295,0.7664996393077776,0.6616951489552435,0.18865732909073984,114.7706696839177,263.51265419480114,Calanus hyperboreus,0.006
0.4378107639528385,0.41802196980754036,0.6433878218092114,0.20910770856880267,125.99855124675727,295.96884180468436,Calanus hyperboreus,0.006
0.45155429383185486,0.49871460590187716,0.9097520574203828,0.11932700353821613,178.64274574311543,320.1560690978291,Calanus hyperboreus,0.006
0.3021161672243364,0.4807697990982879,0.8155908241381082,0.23134340136881176,187.8963005207813,313.1461725154034,Calanus hyperboreus,0.006
0.3552670594215218,1.021011226761228,0.9685203988404961,0.10097890552055513,142.2121578199457,346.11646231424436,Calanus hyperboreus,0.006
0.3267169314570885,0.3478517596139301,0.8654241885704259,0.21378052756778188,191.34741675129573,217.3954485372111,Calanus hyperboreus,0.006
0.4590554022181726,0.7309717649377077,0.5334211651325608,0.15254166450252415,104.66398782733792,233.70472785123332,Calanus hyperboreus,0.006
0.4612587972762705,0.747407686177542,0.8337543553389575,0.24124417340045573,179.6012224280643,246.5737180290766,Calanus hyperboreus,0.006
0.4030326006966024,1.1069574868898462,0.5253252579649264,0.1553919484121874,130.32337418153037,334.67321878637256,Calanus hyperboreus,0.006
0.3140687770422304,0.5523956189066697,0.8464660538584903,0.19540193826291824,164.1281218466076,258.1414609943697,Calanus hyperboreus,0.006
0.49498523618798573,0.37909320402078783,0.8771211100462348,0.14359158533887223,107.34806389795003,358.3167090290351,Calanus hyperboreus,0.006
0.3710974675787332,1.1218812115972376,0.9643832680132918,0.21964507448584636,140.06247663874703,284.1101559311132,Calanus hyperboreus,0.006
0.4962560916779155,1.1398621074447959,0.9296636424167701,0.07927511494271043,189.67994106450368,306.931277319791,Calanus hyperboreus,0.006
0.4910279789783196,0.8670365785938003,0.764179900602561,0.24448029123755638,127.40556774223084,287.9118909299608,Calanus hyperboreus,0.006
0.39475116590527987,1.2458991768685463,0.9906941358632471,0.15922344149246873,194.39457456394314,203.2503512560673,Calanus hyperboreus,0.006
0.4241888859215118,0.8053135463156815,0.8268600904289639,0.2147067044560521,186.15630145257143,305.39782882231964,Calanus hyperboreus,0.006
0.41071194535730254,1.1416261693934489,0.5801270956337204,0.1746379512605875,145.79870046709493,275.0775018862339,Calanus hyperboreus,0.006
0.39359659035793354,1.0896322253944062,0.6230478216698995,0.22230083378220705,183.4447799046211,300.680066012325,Calanus hyperboreus,0.006
0.3518165317719333,1.2815190269351229,0.5736480308916904,0.162195668321302,149.0262171143895,241.64939119799396,Calanus hyperboreus,0.006
0.44523643612663255,1.269265876251615,0.8103559432423011,0.15742919184540016,168.25729085025813,363.4174332168397,Calanus hyperboreus,0.006
0.35334427109481176,0.9541261767691143,0.6147145485195626,0.12044853861892113,154.52456299478084,273.08442654303644,Calanus hyperboreus,0.006
0.3897547461438559,0.3517052412368729,0.6863260118384087,0.09022010384905536,162.71343625571953,215.38679504575938,Calanus hyperboreus,0.006
0.45549208975853084,1.225609379715354,0.7527031756080506,0.14182648110511295,152.14077746262853,316.4067226558342,Calanus hyperboreus,0.006
0.39657308250425655,0.656918951976927,0.65764825289178,0.05119731696839407,161.22567622680492,286.0859356281169,Calanus hyperboreus,0.006
0.3677741728485302,0.6972245211526151,0.569315517129378,0.09464640586404152,98.04288218369835,218.4778808745314,Calanus hyperboreus,0.006
0.391618722310957,0.6011347352124059,0.6939740565177083,0.07071350665338719,96.73424205832926,264.64223262102166,Calanus hyperboreus,0.006
0.3222818484499495,0.32212339110678273,0.8567545750627603,0.2217321277790008,144.58517952340088,209.58385562439216,Calanus hyperboreus,0.006
0.499793576819812,0.38184854455525524,0.6964038618122043,0.1307403174005109,198.00006809283906,250.5889736759564,Calanus hyperboreus,0.006
0.3007490802376947,0.8473789691669578,0.5895378323696304,0.12804863193286292,190.67217985122318,293.1812284217879,Calanus hyperboreus,0.006
0.43926367442433956,0.5397178208272095,0.9719612202254987,0.20474974115904743,149.86156006867057,243.9433046204794,Calanus hyperboreus,0.006
0.3416148803103281,1.273287516102875,0.7098180998854462,0.10603317565785572,185.25354378688735,339.7974371888408,Calanus hyperboreus,0.006
0.34363602953184497,1.2578365301274115,0.9440645050456504,0.15127485980299643,126.47779158550408,340.2935055079205,Calanus hyperboreus,0.006
0.42077633985241303,0.9190535064195606,0.518059264473612,0.06755026564672223,180.84202172303597,342.5284699134412,Calanus hyperboreus,0.006
0.3828563682966346,1.0494724857738387,0.8059789556739465,0.11175467870676196,170.7116978753317,324.5628314220799,Calanus hyperboreus,0.006
0.48222711518439926,1.2362030955135348,0.6257244743604561,0.23354463678347132,99.94975001780159,240.05976666599042,Calanus hyperboreus,0.006
0.46209089276068294,0.3329122914019804,0.8898108627423726,0.19223413403285522,124.20241304458648,260.3377091955035,Calanus hyperboreus,0.006
0.3089121399684341,0.9944844552197833,0.9123184920247,0.12369844682098835,92.53466646725549,227.45007717858525,Calanus hyperboreus,0.006
0.3658008361143267,0.8296264841467793,0.7045743219511023,0.0683919657248383,116.45662662637498,219.92217367536125,Calanus finmarchicus,0.009
0.42947014208760775,0.932818547747734,0.5448479231388228,0.14607469637749843,157.03561128965418,205.5544970414346,Calanus finmarchicus,0.009
0.48751027451134726,0.36097672114006385,0.5788039252430845,0.05902846887682723,123.28373579048667,225.56476273400125,Calanus finmarchicus,0.009
0.4712268303918716,0.5859089294318824,0.957601538504519,0.19098884060940519,165.8456678616313,267.5317256282698,Calanus finmarchicus,0.009
0.3606821327021005,1.0758336876509715,0.5109091248360355,0.17109123357863187,106.37593401683395,351.55609947552557,Calanus finmarchicus,0.009
0.45202270728953486,0.5403688694735453,0.9349363806465747,0.05627898772130409,137.22977025157687,261.69861124570014,Calanus finmarchicus,0.009
0.447412484454313,1.1128096318959224,0.7180750361334959,0.1394049681679742,138.79544026634173,351.84749141591703,Calanus finmarchicus,0.009
0.3302391884918766,0.6377987554585762,0.503659969709057,0.20181270877018948,171.813885544084,310.3892122960213,Calanus finmarchicus,0.009
0.34672725920475855,0.5753577468407476,0.7293353615929006,0.07397377387320103,96.56219523638201,210.7170419016836,Calanus finmarchicus,0.009
0.3818809171687058,0.5186073058325634,0.895368982823677,0.12700527418621038,137.45409241676018,284.2794530292147,Calanus finmarchicus,0.009
0.32077735457937895,1.1886472237625505,0.9391916435235557,0.23480696573242482,118.58421549952166,237.45998128217704,Calanus finmarchicus,0.009
0.449625599134515,0.45713244787222995,0.6682101582307715,0.19797327915700236,159.1293628420664,252.630406000623,Calanus finmarchicus,0.009
0.3592903455808189,0.7581011339467918,0.841596568187952,0.18155282592148403,196.10504933186206,321.06155954266035,Calanus finmarchicus,0.009
0.4099097305613264,0.7095392857700259,0.6015900173748593,0.16771297968237664,132.434594273089,212.4081122349434,Calanus finmarchicus,0.009
0.31121508970380285,0.6155520081159946,0.9511432140275173,0.05436680901970687,93.62135911338873,221.55487127797193,Calanus finmarchicus,0.009
0.48190810205451745,1.030813487806419,0.8604205340305751,0.07724659625365513,172.62231723053677,360.0170537492211,Calanus finmarchicus,0.009
0.36363444440040243,1.216715731955928,0.9184908085700987,0.20793975765341527,177.966232789181,223.87915462651722,Calanus finmarchicus,0.009
0.47593982879562924,0.9642899402737501,0.8366002480051531,0.18790012393410166,153.3986030159544,280.9908233172397,Calanus finmarchicus,0.009
0.3364575963309832,0.5917436642900499,0.949248236953387,0.10877347069260107,161.87488389427833,353.47399869835203,Calanus finmarchicus,0.009
0.47953797483036104,0.5676161961532872,0.7234850787049764,0.08112255439513899,104.04839738135453,315.0914179735722,Calanus finmarchicus,0.009
0.4564471916770389,0.7196665481904367,0.7335098343862885,0.18350908574816938,143.70486061672563,362.27035101748436,Calanus finmarchicus,0.009
0.41434640373982,1.0646866064199412,0.9022727053238389,0.1124837045818009,175.84747590314564,271.8052439264002,Calanus finmarchicus,0.009
0.46455476236596227,0.6400919705161663,0.5990183603844956,0.2284946962034864,133.61001952549788,349.09096848475417,Calanus finmarchicus,0.009
0.4679487896153323,0.508960912999235,0.772771770262557,0.08632244257450801,192.45000862314544,244.85775554215977,Calanus finmarchicus,0.009
0.433716825503686,0.9064328821844234,0.5541436875457596,0.22493738631958998,120.0528580714689,355.67462152058846,Calanus finmarchicus,0.009
0.4922941469618581,0.47508570691164703,0.9881670042715835,0.07545801433608199,155.93425326556746,302.3383986939641,Calanus finmarchicus,0.009
0.3560815502831095,0.9480348093038484,0.635451448850272,0.21125511616016818,183.5497405371168,347.06311303499996,Calanus finmarchicus,0.009
0.4239223811276478,0.7859083326056902,0.6705073577143301,0.16917155116254692,188.39559854884112,279.79431455832855,Calanus finmarchicus,0.009
0.3982541210253038,0.6863113862599726,0.9824605814653977,0.24834463974240328,167.0633146360183,248.07690955784088,Calanus finmarchicus,0.009
0.4040507014868309,0.8325024289816461,0.5914487572645688,0.06532504456870797,166.63977030168473,344.00112166868564,Calanus finmarchicus,0.009
0.44288306100274677,0.7709398193984087,0.7108474637334304,0.2388749498440475,119.00456144599119,290.8172025238263,Calanus finmarchicus,0.009
0.31709342055868656,0.8132295647294125,0.7677461333235307,0.24251648877659793,181.64048037791497,229.29665937859602,Calanus finmarchicus,0.009
0.41814113749480086,1.1541824303629062,0.7488499677654931,0.20223763583253618,134.01700227818176,204.1658481121932,Calanus finmarchicus,0.009
0.413710921168022,0.44325183322026745,0.5553727532183989,0.13370601891093473,196.78344966091953,278.4453636472675,Calanus finmarchicus,0.009
0.3068638900372842,0.8743385164923798,0.9983377886926051,0.21707219273268824,107.63457210425541,360.26265154115254,Calanus finmarchicus,0.009
0.3783904859755961,0.8964241927820631,0.8022912644524576,0.08837314011777207,115.84697335648163,200.25739095855474,Calanus finmarchicus,0.009
0.33926680751302085,0.4642754101835855,0.7378914007049808,0.2472817494896064,113.55915210346366,331.21311144288075,Calanus finmarchicus,0.009
0.3240110442342472,1.206061746344509,0.5362938999080001,0.1440718845475935,173.72927887145482,330.1703861376018,Calanus finmarchicus,0.009
0.3871401223401787,0.8862585991571423,0.7869925236719868,0.1995067563705179,175.01428329491006,268.28541125219317,Calanus finmarchicus,0.009
0.47275292673375613,0.9268300677341637,0.890060772373449,0.10567060499117849,99.8334488357206,328.48318856151263,Calanus finmarchicus,0.009
0.4319810102840014,1.0555840424973582,0.6198122364747105,0.17213872260175034,122.9304029876104,318.4064925423338,Calanus finmarchicus,0.009
0.4887011751176132,1.0078961814279455,0.7925156812929004,0.09302149460515513,131.77031161022768,214.67646512820562,Calanus finmarchicus,0.009
0.40631287408534217,1.178421189231357,0.6546234680913928,0.17739347433072833,195.44860007962143,298.2995323934952,Calanus finmarchicus,0.009
0.333045465658764,0.8575784611046438,0.5635342867192381,0.23642592832301784,147.6498482388557,322.2377761825528,Calanus finmarchicus,0.009
0.3777840931103542,0.3186617614577493,0.7823708691454366,0.11469841914922534,146.58286856277618,338.29276178251644,Calanus finmarchicus,0.009
0.31919579995762215,1.2947396164026288,0.8802815163784092,0.1484316420549937,102.94946924622633,335.4282621509923,Calanus finmarchicus,0.009
0.4350105047448957,1.018877041827583,0.7401525012496952,0.06189777107450667,159.99183713145788,270.4484491645137,Calanus finmarchicus,0.009
0.3726507993963185,0.5233761517140363,0.5209983689107918,0.16523170019610445,199.11151792068955,333.48691071731014,Calanus finmarchicus,0.009
0.3485696809887549,0.9809128667678613,0.5454424625102596,0.17835487908755948,150.55060290622393,231.0333986262813,Calanus finmarchicus,0.009
0.3286219646434313,0.39921874235023114,0.508005575058716,0.09650356459165074,135.42389378127655,232.23991469916083,Calanus finmarchicus,0.009
0.3692128581193192,0.795222432600548,0.6050347606526559,0.13798010770020852,101.30902796065612,294.1247516161239,Calanus finmarchicus,0.009
0.3741873495356562,1.099929647961193,0.9769827139116063,0.13511360252491672,111.88181489833897,308.7857495872459,Calanus finmarchicus,0.009
0.33462871196215266,0.6263310145727327,0.7750719674431488,0.08221578285398662,95.05165602574824,254.28023192892175,Calanus finmarchicus,0.009
0.46936946234510774,1.1994476572988242,0.7951325565527081,0.16023214528101384,141.57900587599931,206.676643180988,Calanus finmarchicus,0.009
0.4276289369651779,0.7231692200515627,0.6832481644952361,0.11616827992999011,90.17162050448668,235.01647788727672,Calanus finmarchicus,0.009
0.3857022733430337,0.4281546142845484,0.8504560305152435,0.10345643269722372,91.12264294372538,299.63706935237127,Calanus finmarchicus,0.009
0.47611275099330186,1.1681055333078183,0.9245546359224692,0.08449858445829775,109.1514212153392,238.44644921119766,Calanus finmarchicus,0.009
0.34423973073466735,0.40271349031773895,0.8214101728628566,0.06288030498747921,121.36330236412921,276.45769200880505,Calanus finmarchicus,0.009
0.4415831580874517,0.6674649140511802,0.678259806297513,0.05341614515559209,129.2833971434823,289.5087561326769,Calanus finmarchicus,0.009
0.30566488528160085,0.6736771580305942,0.631188187719962,0.12448797928675817,157.21085580151515,255.9326144110697,Calanus finmarchicus,0.009
0.31260922753834675,0.4311586905952513,0.8749300053191144,0.22799943534657224,169.2800393070006,326.4711969984915,Calanus finmarchicus,0.009
0.4001033634423372,0.9782645746610774,0.6484546886905123,0.1857910464569924,110.82266741757684,256.36533328483887,Calanus finmarchicus,0.009
0.48510381367754896,0.30950714306409915,0.7589759309738435,0.09900535804645773,112.25072867879614,310.5678821249425,Calanus finmarchicus,0.009
0.41674922522925295,0.7664996393077776,0.6616951489552435,0.18865732909073984,114.7706696839177,263.51265419480114,Calanus finmarchicus,0.009
0.4378107639528385,0.41802196980754036,0.6433878218092114,0.20910770856880267,125.99855124675727,295.96884180468436,Calanus finmarchicus,0.009
0.45155429383185486,0.49871460590187716,0.9097520574203828,0.11932700353821613,178.64274574311543,320.1560690978291,Calanus finmarchicus,0.009
0.3021161672243364,0.4807697990982879,0.8155908241381082,0.23134340136881176,187.8963005207813,313.1461725154034,Calanus finmarchicus,0.009
0.3552670594215218,1.021011226761228,0.9685203988404961,0.10097890552055513,142.2121578199457,346.11646231424436,Calanus finmarchicus,0.009
0.3267169314570885,0.3478517596139301,0.8654241885704259,0.21378052756778188,191.34741675129573,217.3954485372111,Calanus finmarchicus,0.009
0.4590554022181726,0.7309717649377077,0.5334211651325608,0.15254166450252415,104.66398782733792,233.70472785123332,Calanus finmarchicus,0.009
0.4612587972762705,0.747407686177542,0.8337543553389575,0.24124417340045573,179.6012224280643,246.5737180290766,Calanus finmarchicus,0.009
0.4030326006966024,1.1069574868898462,0.5253252579649264,0.1553919484121874,130.32337418153037,334.67321878637256,Calanus finmarchicus,0.009
0.3140687770422304,0.5523956189066697,0.8464660538584903,0.19540193826291824,164.1281218466076,258.1414609943697,Calanus finmarchicus,0.009
0.49498523618798573,0.37909320402078783,0.8771211100462348,0.14359158533887223,107.34806389795003,358.3167090290351,Calanus finmarchicus,0.009
0.3710974675787332,1.1218812115972376,0.9643832680132918,0.21964507448584636,140.06247663874703,284.1101559311132,Calanus finmarchicus,0.009
0.4962560916779155,1.1398621074447959,0.9296636424167701,0.07927511494271043,189.67994106450368,306.931277319791,Calanus finmarchicus,0.009
0.4910279789783196,0.8670365785938003,0.764179900602561,0.24448029123755638,127.40556774223084,287.9118909299608,Calanus finmarchicus,0.009
0.39475116590527987,1.2458991768685463,0.9906941358632471,0.15922344149246873,194.39457456394314,203.2503512560673,Calanus finmarchicus,0.009
0.4241888859215118,0.8053135463156815,0.8268600904289639,0.2147067044560521,186.15630145257143,305.39782882231964,Calanus finmarchicus,0.009
0.41071194535730254,1.1416261693934489,0.5801270956337204,0.1746379512605875,145.79870046709493,275.0775018862339,Calanus finmarchicus,0.009
0.39359659035793354,1.0896322253944062,0.6230478216698995,0.22230083378220705,183.4447799046211,300.680066012325,Calanus finmarchicus,0.009
0.3518165317719333,1.2815190269351229,0.5736480308916904,0.162195668321302,149.0262171143895,241.64939119799396,Calanus finmarchicus,0.009
0.44523643612663255,1.269265876251615,0.8103559432423011,0.15742919184540016,168.25729085025813,363.4174332168397,Calanus finmarchicus,0.009
0.35334427109481176,0.9541261767691143,0.6147145485195626,0.12044853861892113,154.52456299478084,273.08442654303644,Calanus finmarchicus,0.009
0.3897547461438559,0.3517052412368729,0.6863260118384087,0.09022010384905536,162.71343625571953,215.38679504575938,Calanus finmarchicus,0.009
0.45549208975853084,1.225609379715354,0.7527031756080506,0.14182648110511295,152.14077746262853,316.4067226558342,Calanus finmarchicus,0.009
0.39657308250425655,0.656918951976927,0.65764825289178,0.05119731696839407,161.22567622680492,286.0859356281169,Calanus finmarchicus,0.009
0.3677741728485302,0.6972245211526151,0.569315517129378,0.09464640586404152,98.04288218369835,218.4778808745314,Calanus finmarchicus,0.009
0.391618722310957,0.6011347352124059,0.6939740565177083,0.07071350665338719,96.73424205832926,264.64223262102166,Calanus finmarchicus,0.009
0.3222818484499495,0.32212339110678273,0.8567545750627603,0.2217321277790008,144.58517952340088,209.58385562439216,Calanus finmarchicus,0.009
0.499793576819812,0.38184854455525524,0.6964038618122043,0.1307403174005109,198.00006809283906,250.5889736759564,Calanus finmarchicus,0.009
0.3007490802376947,0.8473789691669578,0.5895378323696304,0.12804863193286292,190.67217985122318,293.1812284217879,Calanus finmarchicus,0.009
0.43926367442433956,0.5397178208272095,0.9719612202254987,0.20474974115904743,149.86156006867057,243.9433046204794,Calanus finmarchicus,0.009
0.3416148803103281,1.273287516102875,0.7098180998854462,0.10603317565785572,185.25354378688735,339.7974371888408,Calanus finmarchicus,0.009
0.34363602953184497,1.2578365301274115,0.9440645050456504,0.15127485980299643,126.47779158550408,340.2935055079205,Calanus finmarchicus,0.009
0.42077633985241303,0.9190535064195606,0.518059264473612,0.06755026564672223,180.84202172303597,342.5284699134412,Calanus finmarchicus,0.009
0.3828563682966346,1.0494724857738387,0.8059789556739465,0.11175467870676196,170.7116978753317,324.5628314220799,Calanus finmarchicus,0.009
0.48222711518439926,1.2362030955135348,0.6257244743604561,0.23354463678347132,99.94975001780159,240.05976666599042,Calanus finmarchicus,0.009
0.46209089276068294,0.3329122914019804,0.8898108627423726,0.19223413403285522,124.20241304458648,260.3377091955035,Calanus finmarchicus,0.009
0.3089121399684341,0.9944844552197833,0.9123184920247,0.12369844682098835,92.53466646725549,227.45007717858525,Calanus finmarchicus,0.009
